m=1000;
c1=500;
k1=100;

m1=850;
m2=150;
k=100;
c=90;
kt=400;
ct=10;